%YAML:1.0
---
model_type: PINHOLE
camera_name: camera
image_width: 640
image_height: 480
distortion_parameters:
   k1: 0.0
   k2: 0.0
   p1: 0.0
   p2: 0.0
# projection_parameters:
#    fx: 382.580322265625
#    fy: 382.580322265625
#    cx: 321.42095947265625
#    cy: 235.15451049804688


# projection_parameters:
#    fx: 380.884765625
#    fy: 380.884765625
#    cx: 323.229248046875
#    cy: 239.88729858398438

projection_parameters:
   fx: 385.7967834472656
   fy: 385.7967834472656
   cx: 326.0679931640625
   cy: 237.22044372558594