%YAML:1.0

Anchor0:
  x: -3.507
  y: 1.671
  z: 1.654

Anchor1:
  x: 2.011
  y: -1.948
  z: 1.672

Anchor2:
  x: 2.228
  y: 1.485
  z: 1.31

P_UWB_IMU:
  x: 0.0
  y: -0.06
  z: 0.1